 PDE 2011 12 09 19 42 57.30   47.0100  144.5500 392.2 5.8 5.8 SEA OF OKHOTSK
event name:   C201112091942A
time shift:           1.8000
half duration:        1.8000
latitude:            46.9300
longitude:          144.6000
depth:              390.0000
Mrr:            6.900000E+23
Mtt:            2.340000E+24
Mpp:           -3.030000E+24
Mrt:           -2.900000E+24
Mrp:           -3.320000E+24
Mtp:           -2.190000E+24
