 PDE 2011 12 14 00 48 10.20  -15.3800 -174.8300  10.0 5.8 5.8 TONGA ISLANDS
event name:   C201112140048A
time shift:           4.8000
half duration:        1.9000
latitude:           -15.3300
longitude:         -174.6800
depth:               16.0000
Mrr:            1.300000E+22
Mtt:           -3.390000E+24
Mpp:            3.380000E+24
Mrt:           -1.610000E+23
Mrp:            2.000000E+22
Mtp:            4.610000E+24
