 PDE 2011 12 13 07 28 11.10    4.7600  -82.5800   7.0 5.5 5.5 SOUTH OF PANAMA
event name:   C201112130728A
time shift:           4.4000
half duration:        1.4000
latitude:             4.7100
longitude:          -82.6400
depth:               25.0000
Mrr:            1.400000E+23
Mtt:            1.140000E+23
Mpp:           -2.540000E+23
Mrt:            7.600000E+22
Mrp:            2.800000E+23
Mtp:            2.580000E+24
